bodies:
  - name: Sun
    position: [0, 0, 0]
    velocity: [0, 0, 0]
    mass: 1988500e24
  - name: Mercury
    position: [ -3.610946582889994E-01, 7.655753687572452E-02, 3.938313941762204E-02]
    velocity: [-1.166921930880622E-02, -2.631562924335937E-02, -1.079745298798429E-03]
    mass: 3.302e23
